34.4989	93.135
34.1131	92.805
33.5619	92.255
33.2311	92.09
32.6799	91.54
32.239	91.1
32.3492	90.825
32.1287	90.825
32.9004	90.55
32.0185	90.44
32.0185	90.11
31.4673	89.67
30.8609	89.175
30.9712	89.12
30.9161	89.12
30.8058	89.01
30.6956	88.845
29.6483	87.58
29.8136	87.25
29.0971	87.14
29.1522	86.59
29.3175	86.425
19.3716	93.465
18.9858	93.41
19.2614	92.915
19.6472	92.86
19.1511	92.64
19.537	92.585
20.1433	92.475
19.6472	91.65
20.474	90.935
20.4189	90.605
20.3087	90.605
20.3638	90.55
21.1355	90.44
20.7497	90.44
20.4189	90.275
20.3087	90.165
20.6945	90.11
20.8599	90.055
20.7497	90.055
20.6945	90.055
20.8599	89.945
20.6945	89.89
20.7497	89.56
20.474	89.505
20.6945	89.45
20.915	89.34
21.356	87.91
21.4662	87.855
21.4662	87.525
21.5213	87.14
21.7418	86.535
21.9072	86.48
21.797	86.48
22.0726	86.425
22.3482	86.205
27.2539	85.545
22.8443	85.05
23.0096	84.885
26.9232	84.775
22.8443	84.775
23.0647	84.72
22.8994	84.665
23.1199	84.61
26.7579	84.28
26.5925	84.28
26.4271	84.28
26.372	84.28
26.6476	84.17
26.2618	84.17
23.5057	83.785
26.2618	83.675
25.8759	83.51
25.7106	83.51
25.8208	83.455
23.8364	83.125
23.5057	83.07
25.2696	83.015
25.1593	82.905
24.0569	82.905
23.7262	82.905
25.4901	82.85
25.0491	82.85
24.0018	82.85
23.8364	82.85
23.8916	82.795
25.2145	82.685
25.0491	82.685
24.994	82.63
24.0569	82.63
24.9389	82.575
24.0018	82.575
24.2223	82.52
24.112	82.465
24.8837	82.355
24.9389	82.3
24.0018	82.3
24.112	82.245
24.553	82.025
24.3876	82.025
24.3325	82.025
24.2223	82.025
24.6632	81.97
24.2223	81.97
24.3325	81.915
24.2774	81.915
24.1672	81.915
24.3876	81.86
24.2774	81.86
24.4428	81.805
24.3876	81.695
24.3876	81.64
24.112	81.365
24.553	81.255
24.6081	81.145
24.7184	80.485
10.4179	93.355
49.7912	44.395
51.2795	44.34
50.9488	44.065
50.3975	43.9
54.4765	43.845
53.2638	43.845
53.9804	43.735
53.5946	43.625
55.634	43.46
50.0668	43.46
49.681	43.405
51.6102	43.24
50.8936	43.075
50.5078	43.02
50.3975	43.02
50.618	42.965
58.3901	42.91
53.2638	42.8
50.7834	42.8
50.0117	42.8
50.7283	42.745
50.3424	42.69
52.878	42.635
60.9257	42.58
61.0359	42.525
53.6497	42.47
54.0355	42.36
61.6974	42.195
55.8545	42.085
56.3506	42.03
56.1853	42.03
56.1301	42.03
55.7994	42.03
56.5711	41.975
56.1301	41.975
56.5711	41.92
56.2955	41.92
53.8151	41.92
56.516	41.865
56.075	41.865
55.9648	41.865
56.516	41.81
56.4609	41.81
56.4057	41.81
56.075	41.81
55.7994	41.81
53.9253	41.81
56.4609	41.755
56.2955	41.755
55.6892	41.755
54.697	41.755
55.3033	41.7
55.9648	41.59
56.1853	41.535
56.075	41.48
56.7365	41.37
36.979	47.695
37.6956	47.53
37.9712	47.31
37.6404	47.31
37.8058	47.255
37.8609	47.2
37.9161	47.035
39.5146	46.87
36.8688	46.87
37.0341	46.65
36.538	46.595
38.9634	46.54
36.8688	46.485
36.9239	46.375
41.3336	46.21
41.2784	46.21
38.798	46.21
36.8688	46.1
42.6565	46.045
40.617	46.045
41.4989	45.935
44.8062	45.55
44.6959	45.55
43.9243	45.44
43.3179	45.44
43.5935	45.385
44.8062	45.275
36.0419	45.275
44.3101	45.22
36.8688	45.22
45.0267	45.165
46.8457	45.11
37.5853	45.11
45.6881	45.055
45.0267	45.055
43.6486	45.055
36.1522	45.055
47.6174	45
46.9008	45
45.5779	45
45.5228	45
44.9164	45
46.4047	44.945
45.1369	44.945
44.9164	44.945
47.6174	44.89
45.1369	44.89
47.5622	44.835
47.2866	44.835
46.4047	44.835
37.3648	44.835
47.7827	44.78
47.2866	44.78
46.9008	44.78
47.9481	44.725
47.7276	44.67
47.3969	44.67
40.5067	44.615
47.8379	44.56
47.1764	44.505
46.3496	44.505
46.1842	44.505
38.9082	44.505
46.2945	44.45
39.7902	44.395
47.7827	44.34
47.5622	44.285
41.3336	44.175
48.5544	44.12
42.877	44.12
40.4516	44.12
40.1209	44.12
42.436	44.065
47.8379	44.01
47.7276	43.955
48.7749	43.9
48.6647	43.9
43.5935	43.79
44.1999	43.735
46.5701	43.405
48.1135	43.24
47.1764	43.24
23.34	52.425
23.34	52.26
23.4502	52.205
23.2848	52.205
25.8204	51.545
25.5999	51.38
26.8126	51.16
26.7024	51.105
26.4819	51.105
26.3165	51.105
26.7024	50.94
26.4819	50.94
27.4189	50.885
26.537	50.885
28.797	50.28
29.3482	50.115
30.5057	50.005
29.734	50.005
29.5135	49.95
29.4033	49.95
30.6711	49.785
30.6159	49.785
30.6711	49.73
30.7262	49.62
22.458	49.51
22.7888	49.455
22.7888	49.4
22.8439	49.345
22.5131	49.345
22.5683	49.235
22.3478	49.18
21.7966	49.18
22.6234	49.125
22.0171	49.125
22.6234	48.905
26.7024	48.85
21.5761	48.795
26.5921	48.575
27.3638	48.465
25.159	48.465
22.2927	48.465
24.6077	48.41
22.4029	48.41
27.0331	48.245
24.7731	48.19
27.2536	48.135
22.7888	48.135
22.5683	48.135
25.7102	48.025
25.6551	47.97
34.1437	47.915
25.8755	47.915
25.9307	47.86
25.9858	47.805
25.5999	47.805
26.0409	47.695
24.4424	47.695
26.8677	47.64
26.1511	47.585
26.1511	47.53
25.6551	47.53
32.8208	47.475
31.553	47.475
25.4346	47.475
25.7102	47.42
31.7735	47.365
26.8126	47.365
26.1511	47.365
25.9307	47.365
25.7102	47.365
26.096	47.255
34.4744	47.145
33.5925	47.09
29.0726	46.98
33.9783	46.87
34.2539	46.815
29.734	46.815
29.5135	46.65
31.3876	46.595
31.7184	46.375
30.2852	46.21
32.9862	46.045
33.5374	45.935
33.3169	45.935
33.0964	45.935
32.4349	45.935
33.4271	45.88
33.0413	45.88
32.931	45.88
33.5374	45.825
33.0964	45.825
33.4822	45.77
33.2618	45.77
33.1515	45.77
33.5374	45.715
33.3169	45.715
33.2066	45.715
33.1515	45.715
32.9862	45.715
32.931	45.715
33.4271	45.66
33.2618	45.66
33.2066	45.66
33.0413	45.66
33.5925	45.605
33.3169	45.605
33.1515	45.605
32.9862	45.605
32.8208	45.605
33.4271	45.55
32.8759	45.55
33.2066	45.495
33.0413	45.495
33.2066	45.44
33.0413	45.44
33.5925	45.385
33.4822	45.385
33.4271	45.385
33.3169	45.385
33.2618	45.385
33.2066	45.385
33.1515	45.385
33.0964	45.385
32.7657	45.385
33.3169	45.33
33.1515	45.33
32.8759	45.33
33.5925	45.275
33.3169	45.275
33.2618	45.275
32.931	45.275
33.4271	45.22
33.3169	45.22
33.2066	45.22
33.813	45.165
33.4822	45.165
33.1515	45.165
33.4271	45.11
33.2618	45.11
33.0964	45.11
32.931	45.11
33.5374	45.055
33.372	45.055
34.5847	45
9.03948	53.36
9.64581	53.03
9.59069	52.975
8.48827	52.975
9.59069	52.92
9.48045	52.92
9.0946	52.92
9.53557	52.865
9.03948	52.865
9.81118	52.81
9.64581	52.81
9.48045	52.755
8.48827	52.755
9.81118	52.7
9.64581	52.7
9.20484	52.645
9.53557	52.59
9.59069	52.535
9.48045	52.535
9.0946	52.535
9.53557	52.48
9.75605	52.425
9.64581	52.425
11.079	52.37
9.42533	52.37
9.31509	52.37
9.14972	52.315
10.197	52.26
9.70093	52.26
9.64581	52.26
8.54339	52.26
9.70093	52.205
11.9058	52.15
11.0238	52.095
9.37021	52.095
10.7482	51.985
9.81118	51.49
12.1263	51.38
12.9531	51.27
11.6853	51.215
11.8507	51.16
13.394	51.05
12.016	50.995
15.7091	50.775
16.9218	50.72
15.9296	50.72
16.0399	50.665
15.7091	50.61
16.0399	50.555
15.5989	50.555
15.9847	50.5
16.8116	50.39
15.4886	50.335
17.4179	50.17
17.8589	50.06
19.6779	49.84
19.5125	49.84
18.4101	49.785
17.3628	49.675
19.1818	49.51
18.9062	49.455
10.9136	42.085
9.37021	42.03
11.4648	41.92
11.079	41.865
10.9136	41.81
11.079	41.755
16.8667	41.15
17.5832	41.095
14.3001	55.01
13.6938	55.175
14.0245	55.23
12.5362	55.34
12.426	55.56
12.867	55.945
9.8353	57.045
8.56752	57.98
8.95336	67.88
9.11872	67.88
8.95336	67.935
9.11872	68.045
9.78018	68.045
27.3091	4.345
