# energy [MeV] vs. diff. cs per electron [Mbarn / MeV]
2.05925e-06  0
2.18127e-06  0
2.31052e-06  0
2.44743e-06  0
2.59245e-06  0
2.74606e-06  0
2.90877e-06  0
3.08113e-06  0
3.2637e-06  0
3.45708e-06  0
3.66193e-06  0
3.87891e-06  0
4.10875e-06  0
4.35221e-06  0
4.61009e-06  0
4.88326e-06  0
5.17261e-06  0
5.47911e-06  0
5.80377e-06  0
6.14766e-06  0
6.51193e-06  0
6.89779e-06  0
7.30651e-06  0
7.73945e-06  0
8.19804e-06  0
8.6838e-06  0
9.19835e-06  0
9.74338e-06  0
1.03207e-05  156.187
1.09323e-05  1534.91
1.158e-05  1671.68
1.22662e-05  1809.92
1.2993e-05  1987.58
1.37629e-05  2186.93
1.45784e-05  2378.66
1.54422e-05  6344.42
1.63572e-05  8669.78
1.73265e-05  7316.53
1.83531e-05  6175.84
1.94406e-05  5206.54
2.05925e-05  4378.92
2.18127e-05  3693.58
2.31052e-05  3080.54
2.44743e-05  2940.91
2.59245e-05  2917.16
2.74606e-05  2419.78
2.90877e-05  2004.89
3.08113e-05  1662.92
3.2637e-05  1380.44
3.45708e-05  1145.55
3.66193e-05  951.042
3.87891e-05  792.22
4.10875e-05  660.76
4.35221e-05  548.906
4.61009e-05  456.46
4.88326e-05  382.538
5.17261e-05  322.142
5.47911e-05  272.032
5.80377e-05  231.253
6.14766e-05  196.792
6.51193e-05  165.287
6.89779e-05  138.701
7.30651e-05  117.356
7.73945e-05  99.5702
8.19804e-05  84.631
8.6838e-05  71.9345
9.19835e-05  61.0523
9.74338e-05  52.0375
0.000103207  44.4098
0.000109323  37.8361
0.0001158  32.3119
0.000122662  27.6572
0.00012993  23.7067
0.000137629  20.3318
0.000145784  17.4522
0.000154422  15.0033
0.000163572  12.9336
0.000173265  11.192
0.000183531  9.70324
0.000194406  8.40006
0.000205925  7.276
0.000218127  6.31737
0.000231052  5.50137
0.000244743  4.80092
0.000259245  4.18317
0.000274606  3.64305
0.000290877  9.96133
0.000308113  9.10657
0.00032637  7.71207
0.000345708  6.54004
0.000366193  5.55422
0.000387891  4.70384
0.000410875  3.97084
0.000435221  3.35821
0.000461009  2.84627
0.000488326  2.41701
0.000517261  2.05445
0.000547911  1.75003
0.000580377  1.49402
0.000614766  1.2785
0.000651193  1.09638
0.000689779  0.943146
0.000730651  0.811359
0.000773945  0.697418
0.000819804  0.600938
0.00086838  0.518984
0.000919835  0.449145
0.000974338  0.389497
0.00103207  0.338478
0.00109323  0.294613
0.001158  0.25691
0.00122662  0.224458
0.0012993  0.196396
0.00137629  0.172098
0.00145784  0.15105
0.00154422  0.132757
0.00163572  0.116832
0.00173265  0.102945
0.00183531  0.0908041
0.00194406  0.0801783
0.00205925  0.0708652
0.00218127  0.0626845
0.00231052  0.0554913
0.00244743  0.049158
0.00259245  0.043575
0.00274606  0.0386485
0.00290877  0.034297
0.00308113  0.0304495
0.0032637  0.0270449
0.00345708  0.02403
0.00366193  0.0213585
0.00387891  0.0189897
0.00410875  0.0168883
0.00435221  0.015023
0.00461009  0.0133666
0.00488326  0.0118952
0.00517261  0.0105877
0.00547911  0.00942528
0.00580377  0.00839166
0.00614766  0.0074723
0.00651193  0.00665437
0.00689779  0.00592656
0.00730651  0.00527879
0.00773945  0.00470217
0.00819804  0.00418881
0.0086838  0.00373172
0.00919835  0.00332468
0.00974338  0.00296217
0.0103207  0.0026393
0.0109323  0.0023517
0.01158  0.0020955
0.0122662  0.00186727
0.012993  0.00166394
0.0137629  0.00148277
0.0145784  0.00132136
0.0154422  0.00117754
0.0163572  0.00104939
0.0173265  0.000935191
0.0183531  0.000833433
0.0194406  0.000742754
0.0205925  0.000661947
0.0218127  0.000589934
0.0231052  0.000525758
0.0244743  0.000468567
0.0259245  0.000417598
0.0274606  0.000372176
0.0290877  0.000331695
0.0308113  0.000295619
0.032637  0.000263467
0.0345708  0.000234813
0.0366193  0.000209275
0.0387891  0.000186515
0.0410875  0.00016623
0.0435221  0.000148152
0.0461009  0.00013204
0.0488326  0.00011768
0.0517261  0.000104882
0.0547911  9.34757e-05
0.0580377  8.331e-05
0.0614766  7.42498e-05
0.0651193  6.6175e-05
0.0689779  5.89784e-05
0.0730651  5.25644e-05
0.0773945  4.6848e-05
0.0819804  4.17532e-05
0.086838  3.72125e-05
0.0919835  3.31657e-05
0.0974338  2.95589e-05
0.103207  2.63444e-05
0.109323  2.34794e-05
0.1158  2.0926e-05
0.122662  1.86503e-05
0.12993  1.66221e-05
0.137629  1.48145e-05
0.145784  1.32034e-05
0.154422  1.17675e-05
0.163572  1.04878e-05
0.173265  9.34727e-06
0.183531  8.33076e-06
0.194406  7.4248e-06
